epoch,Training Loss,Valid. Loss,Valid. Accur.,Best F1,AUC,precison,recall,Best epoch,Training Time,Validation Time
1,2.9935398489323717,3.0013634988239835,0.0,0.0,0.5161242910495625,0.0,0.0,0,0:00:02,0:00:00
2,2.989138698612636,3.005216428211757,0.02702702702702703,0.009999999999999998,0.5672014122466073,0.0057692307692307696,0.0375,1,0:00:02,0:00:00
3,2.986047802791651,3.000814131328038,0.0,0.0,0.589167572841524,0.0,0.0,2,0:00:02,0:00:00
4,2.980875471590559,2.999413388116019,0.036036036036036036,0.005333333333333334,0.6045366373858577,0.0028169014084507044,0.05,3,0:00:02,0:00:00
5,2.973884066409342,2.9866276809147427,0.036036036036036036,0.027500000000000004,0.5905864524753532,0.0225,0.042499999999999996,4,0:00:02,0:00:00
6,2.966128411167912,2.985662119729178,0.05405405405405406,0.03214285714285715,0.6135944320456993,0.03717948717948718,0.06999999999999999,4,0:00:02,0:00:00
7,2.957005442231459,2.9734521082469394,0.04504504504504504,0.03256704980842912,0.6192835672140091,0.031,0.057499999999999996,6,0:00:02,0:00:00
8,2.9490081796493195,2.960495744432722,0.05405405405405406,0.06031746031746031,0.6242063860881095,0.075,0.059166666666666666,7,0:00:02,0:00:00
9,2.9396081478185625,2.953054564339774,0.08108108108108109,0.08162393162393163,0.6317923359253024,0.08482142857142858,0.08583333333333334,8,0:00:02,0:00:00
10,2.9311762111527577,2.9521446228027344,0.07207207207207207,0.061088618983355825,0.6301589748692146,0.06208333333333334,0.08416666666666667,9,0:00:02,0:00:00
11,2.922458766500734,2.943165898323059,0.09009009009009009,0.08649683649683651,0.6348862165380581,0.08541666666666667,0.09583333333333333,9,0:00:02,0:00:00
12,2.914256610258675,2.939094458307539,0.09009009009009009,0.069005994005994,0.6457524232325221,0.059357864357864366,0.10416666666666667,11,0:00:02,0:00:00
13,2.906194619291378,2.9314268486840382,0.12612612612612611,0.08949106449106449,0.6459537255477183,0.06775210084033614,0.1391666666666667,12,0:00:02,0:00:00
14,2.9000117104533114,2.932056256702968,0.11711711711711711,0.08452065176203108,0.6441773675326397,0.06736111111111112,0.12666666666666668,13,0:00:02,0:00:00
15,2.8953432878669427,2.9236220632280623,0.10810810810810811,0.08961038961038961,0.6495086274578297,0.08279220779220779,0.11666666666666667,13,0:00:02,0:00:00
16,2.8896104950599004,2.9216037477765764,0.14414414414414414,0.11722943722943721,0.6656816474130411,0.09729166666666667,0.16666666666666669,15,0:00:02,0:00:00
17,2.885534596512686,2.915623494556972,0.13513513513513514,0.1062640296393157,0.6679858704605539,0.09188741083477925,0.15416666666666667,16,0:00:02,0:00:00
18,2.881104575649295,2.911251732281276,0.16216216216216217,0.12733430799220274,0.6682517180086796,0.10618964368964368,0.18416666666666667,17,0:00:02,0:00:00
19,2.8778925642327735,2.9093028988157,0.13513513513513514,0.10328282828282828,0.6737687694397201,0.1133234126984127,0.14722222222222223,18,0:00:02,0:00:00
20,2.8733604645937594,2.9048267602920532,0.17117117117117117,0.13591596638655462,0.6851341261816211,0.12023976023976024,0.1922222222222222,19,0:00:02,0:00:00
21,2.870650439672498,2.9022371428353444,0.16216216216216217,0.12954014939309058,0.6812836970315111,0.1149114774114774,0.18222222222222223,20,0:00:02,0:00:00
22,2.8677667772109583,2.901274766240801,0.16216216216216217,0.12246235246235246,0.6861592753502701,0.11628384687208215,0.17972222222222226,20,0:00:02,0:00:00
23,2.865033492054953,2.898967283112662,0.15315315315315314,0.11248408454290808,0.6907306531897105,0.09650869963369964,0.16972222222222225,22,0:00:02,0:00:00
24,2.861818276410895,2.8944580384663174,0.18018018018018017,0.14634984898142794,0.6936979221346483,0.12705128205128205,0.20222222222222222,23,0:00:02,0:00:00
25,2.858588414011474,2.892013822283064,0.1891891891891892,0.14555619818777715,0.6963200244864329,0.126286231884058,0.21222222222222223,24,0:00:02,0:00:00
26,2.856664462617813,2.8903504610061646,0.17117117117117117,0.14195620555914673,0.7049887933884623,0.12643716577540107,0.19222222222222224,25,0:00:02,0:00:00
27,2.8554382544912333,2.8900449105671475,0.17117117117117117,0.14237637362637362,0.7071891408753663,0.12704545454545454,0.19222222222222224,26,0:00:02,0:00:00
28,2.8535333923973774,2.8871254239763533,0.1891891891891892,0.14438316757202208,0.7123727263298326,0.12578282828282827,0.21222222222222223,27,0:00:02,0:00:00
29,2.851469970653078,2.885730607169015,0.18018018018018017,0.1458074278662514,0.7067417838577609,0.12847222222222224,0.20222222222222222,28,0:00:02,0:00:00
30,2.8493622664807488,2.8832737718309676,0.17117117117117117,0.14563377798671917,0.7117079938576533,0.13106060606060604,0.19222222222222224,28,0:00:02,0:00:00
31,2.848111027531304,2.880782348769052,0.18018018018018017,0.15472240178122532,0.7134549655216632,0.13779761904761906,0.20222222222222222,28,0:00:02,0:00:00
32,2.8465656966579203,2.877933076449803,0.17117117117117117,0.15392049127343246,0.7126741670414438,0.1390422077922078,0.19222222222222224,31,0:00:02,0:00:00
33,2.844220076288496,2.876620990889413,0.18018018018018017,0.1518162393162393,0.717124520732848,0.12797619047619047,0.20222222222222222,31,0:00:02,0:00:00
34,2.8449162474179057,2.8772066150392805,0.17117117117117117,0.1480972433139616,0.713966765230479,0.13485576923076922,0.19222222222222224,33,0:00:02,0:00:00
35,2.8436584841058137,2.8759819950376238,0.17117117117117117,0.15034870530226568,0.713754009357743,0.13708333333333333,0.19222222222222224,33,0:00:02,0:00:00
36,2.8420421298669307,2.873765996524266,0.18018018018018017,0.15805573511455864,0.7138012927358008,0.14071969696969697,0.20222222222222222,33,0:00:02,0:00:00
37,2.8411443447232596,2.872728501047407,0.18018018018018017,0.15269859225741578,0.7128054335144915,0.12821969696969698,0.20222222222222222,33,0:00:02,0:00:00
38,2.8417324041486136,2.872908983911787,0.18018018018018017,0.1503456510809452,0.7159335141031546,0.1261217948717949,0.20222222222222222,33,0:00:02,0:00:00
39,2.8407403300176903,2.8726970297949657,0.17117117117117117,0.14795208876091231,0.7147246519667377,0.12708333333333335,0.19222222222222224,33,0:00:02,0:00:00
40,2.840991522410868,2.872569816453116,0.18018018018018017,0.1514485922574158,0.7153944212428258,0.12708333333333335,0.20222222222222222,33,0:00:02,0:00:00
